general_information:
  sorting_time_sec:         0.18
  selected_potential:       ['../../../../potential/AlCu_polymlp.lammps']
  pressure_GPa:             0.0
  max_rss_structures:       30
  num_initial_structures:   30
  num_optimized_structures: 26
  num_unique_structures:    3
  stopping_criterion:       All randomly generated initial structures have been processed. Stopping.
  optimized_per_initial:    0.87
  total_rss_time_sec:       73

evaluation_counts:
  iteration:            8970
  function_evaluations: 17512
  gradient_evaluations: 17465

error_counts:
  total:            4
  low_energy:       4
  zero_energy:      0
  anomalous_struct: 0
  force_conv:       0
  stress_conv:      0
  max_iteration:    0
  other_reason:     0

invalid_layer_structures:
  invalid_struct: 0
  valid_struct:   26

unique_structures:
  - struct_No: 1
    struct_path: POSCAR_26
    energy_diff_meV_per_atom: 0.0
    n_duplicates: 14
    enthalpy: -3.4278065007891203
    axis: [4.037517739197106, 4.037517739197106, 4.037517739197106, 90.0, 90.0, 90.0]
    positions: [[0.5, 0.0, 0.0], [0.5, 0.5, 0.5], [0.0, 0.0, 0.5], [0.0, 0.5, 0.0]]
    elements: ['Al', 'Al', 'Al', 'Al']
    space_group: ['Fm-3m (225)', 'Fm-3m (225)', 'Fm-3m (225)', 'Fm-3m (225)']
    other_info: 4 atom / distance 2.855 (Ang.) / volume 16.45 (A^3/atom) / iteration 328
  - struct_No: 2
    struct_path: POSCAR_30
    energy_diff_meV_per_atom: 30.31
    n_duplicates: 4
    enthalpy: -3.3974957430698414
    axis: [2.834831710449023, 2.8348317104490235, 4.774075578142499, 90.0, 90.0, 120.00000000000001]
    positions: [[0.333333333333333, 0.666666666666667, 0.25], [0.666666666666667, 0.333333333333333, 0.75]]
    elements: ['Al', 'Al']
    space_group: ['P6_3/mmc (194)', 'P6_3/mmc (194)', 'P6_3/mmc (194)', 'P6_3/mmc (194)']
    other_info: 2 atom / distance 2.835 (Ang.) / volume 16.61 (A^3/atom) / iteration 337
  - struct_No: 3
    struct_path: POSCAR_6
    energy_diff_meV_per_atom: 302.45
    n_duplicates: 8
    enthalpy: -3.1253573577375047
    axis: [2.797263672968527, 2.7972636729685267, 25.16570959695035, 90.0, 90.0, 120.00000000000001]
    positions: [[0.0, 0.0, 0.118736677098626], [0.666666666666667, 0.333333333333333, 0.214596656234707], [0.666666666666667, 0.333333333333333, 0.452070010431959], [0.333333333333333, 0.666666666666667, 0.547929989568041], [0.333333333333333, 0.666666666666667, 0.785403343765293], [0.0, 0.0, 0.881263322901374]]
    elements: ['Al', 'Al', 'Al', 'Al', 'Al', 'Al']
    space_group: ['R-3m (166)', 'R-3m (166)', 'R-3m (166)', 'R-3m (166)']
    other_info: 6 atom / distance 2.797 (Ang.) / volume 28.42 (A^3/atom) / iteration 643

evaluation_count_per_structure:
  iteration_list:            [336, 643, 1256, 8670]
  function_evaluations_list: [611, 1263, 2444, 16902]
  gradient_evaluations_list: [611, 1253, 2427, 16855]

poscar_names_failed:
  low_energy:       ['POSCAR_13', 'POSCAR_9', 'POSCAR_20', 'POSCAR_21']
  zero_energy:      []
  anomalous_struct: []
  force_conv:       []
  stress_conv:      []
  max_iteration:    []
  other_reason:     []

poscar_invalid_layer_structures:
  layer_structure: []
